"Area","Airbnb listings","Licensed plots (unique parcels with current permit)","All filtered listings","Likely hotels within filtered listings","Filtered entire-place listings excluding hotels","Residential GIS plots","All GIS plots","Single-family / townhouse GIS plots","Unknown land-use GIS plots","Entire-place listings per residential GIS plot (%)","Boundary type","GIS count method"
"Antioch Acres","3","2","3","0","3","673","724","670","5","0.4458","Neighborhoods","Count unique original KIVAPIN parcel IDs, assigned by a point inside the original parcel boundary. Residential land-use codes 1111,1112,1121-1126; vacant residential and common areas excluded. Parcels are not dwelling units. No housing-unit field is supplied by this GIS layer."
"Ashland Ridge","2","2","2","0","2","373","494","358","0","0.5362","Neighborhoods","Count unique original KIVAPIN parcel IDs, assigned by a point inside the original parcel boundary. Residential land-use codes 1111,1112,1121-1126; vacant residential and common areas excluded. Parcels are not dwelling units. No housing-unit field is supplied by this GIS layer."
"Bannister Acres","0","1","0","0","0","526","571","496","2","0.0000","Neighborhoods","Count unique original KIVAPIN parcel IDs, assigned by a point inside the original parcel boundary. Residential land-use codes 1111,1112,1121-1126; vacant residential and common areas excluded. Parcels are not dwelling units. No housing-unit field is supplied by this GIS layer."
"Barry Harbour","1","1","1","0","1","906","1083","814","46","0.1104","Neighborhoods","Count unique original KIVAPIN parcel IDs, assigned by a point inside the original parcel boundary. Residential land-use codes 1111,1112,1121-1126; vacant residential and common areas excluded. Parcels are not dwelling units. No housing-unit field is supplied by this GIS layer."
"Beacon Hills","8","8","22","14","8","252","521","209","96","3.1746","Neighborhoods","Count unique original KIVAPIN parcel IDs, assigned by a point inside the original parcel boundary. Residential land-use codes 1111,1112,1121-1126; vacant residential and common areas excluded. Parcels are not dwelling units. No housing-unit field is supplied by this GIS layer."
"Birmingham Bottoms","1","0","1","0","1","54","284","54","22","1.8519","Neighborhoods","Count unique original KIVAPIN parcel IDs, assigned by a point inside the original parcel boundary. Residential land-use codes 1111,1112,1121-1126; vacant residential and common areas excluded. Parcels are not dwelling units. No housing-unit field is supplied by this GIS layer."
"Blenheim Square Research Hospital","1","0","1","0","1","528","609","523","3","0.1894","Neighborhoods","Count unique original KIVAPIN parcel IDs, assigned by a point inside the original parcel boundary. Residential land-use codes 1111,1112,1121-1126; vacant residential and common areas excluded. Parcels are not dwelling units. No housing-unit field is supplied by this GIS layer."
"Blue Hills","8","6","8","0","8","2581","3228","2473","4","0.3100","Neighborhoods","Count unique original KIVAPIN parcel IDs, assigned by a point inside the original parcel boundary. Residential land-use codes 1111,1112,1121-1126; vacant residential and common areas excluded. Parcels are not dwelling units. No housing-unit field is supplied by this GIS layer."
"Blue Hills Estates","2","2","2","0","2","585","695","538","0","0.3419","Neighborhoods","Count unique original KIVAPIN parcel IDs, assigned by a point inside the original parcel boundary. Residential land-use codes 1111,1112,1121-1126; vacant residential and common areas excluded. Parcels are not dwelling units. No housing-unit field is supplied by this GIS layer."
"Blue Ridge Farms","1","2","1","0","1","136","192","131","0","0.7353","Neighborhoods","Count unique original KIVAPIN parcel IDs, assigned by a point inside the original parcel boundary. Residential land-use codes 1111,1112,1121-1126; vacant residential and common areas excluded. Parcels are not dwelling units. No housing-unit field is supplied by this GIS layer."
"Blue Vue Hills","0","2","0","0","0","533","606","530","7","0.0000","Neighborhoods","Count unique original KIVAPIN parcel IDs, assigned by a point inside the original parcel boundary. Residential land-use codes 1111,1112,1121-1126; vacant residential and common areas excluded. Parcels are not dwelling units. No housing-unit field is supplied by this GIS layer."
"Boone Hills","5","4","5","0","5","835","968","819","10","0.5988","Neighborhoods","Count unique original KIVAPIN parcel IDs, assigned by a point inside the original parcel boundary. Residential land-use codes 1111,1112,1121-1126; vacant residential and common areas excluded. Parcels are not dwelling units. No housing-unit field is supplied by this GIS layer."
"Breen Hills","3","1","3","0","3","918","994","916","0","0.3268","Neighborhoods","Count unique original KIVAPIN parcel IDs, assigned by a point inside the original parcel boundary. Residential land-use codes 1111,1112,1121-1126; vacant residential and common areas excluded. Parcels are not dwelling units. No housing-unit field is supplied by this GIS layer."
"Briarcliff And Claymont","2","1","2","0","2","1050","1134","1049","1","0.1905","Neighborhoods","Count unique original KIVAPIN parcel IDs, assigned by a point inside the original parcel boundary. Residential land-use codes 1111,1112,1121-1126; vacant residential and common areas excluded. Parcels are not dwelling units. No housing-unit field is supplied by this GIS layer."
"Bridlespur","1","1","9","8","1","543","560","543","1","0.1842","Neighborhoods","Count unique original KIVAPIN parcel IDs, assigned by a point inside the original parcel boundary. Residential land-use codes 1111,1112,1121-1126; vacant residential and common areas excluded. Parcels are not dwelling units. No housing-unit field is supplied by this GIS layer."
"Broadway Gillham","9","4","9","0","9","187","371","111","45","4.8128","Neighborhoods","Count unique original KIVAPIN parcel IDs, assigned by a point inside the original parcel boundary. Residential land-use codes 1111,1112,1121-1126; vacant residential and common areas excluded. Parcels are not dwelling units. No housing-unit field is supplied by this GIS layer."
"Brookside Park","0","2","0","0","0","127","132","126","0","0.0000","Neighborhoods","Count unique original KIVAPIN parcel IDs, assigned by a point inside the original parcel boundary. Residential land-use codes 1111,1112,1121-1126; vacant residential and common areas excluded. Parcels are not dwelling units. No housing-unit field is supplied by this GIS layer."
"Brown Estates","1","2","1","0","1","298","541","292","9","0.3356","Neighborhoods","Count unique original KIVAPIN parcel IDs, assigned by a point inside the original parcel boundary. Residential land-use codes 1111,1112,1121-1126; vacant residential and common areas excluded. Parcels are not dwelling units. No housing-unit field is supplied by this GIS layer."
"CBD Downtown","55","3","61","6","55","52","2585","0","2193","105.7692","Neighborhoods","Count unique original KIVAPIN parcel IDs, assigned by a point inside the original parcel boundary. Residential land-use codes 1111,1112,1121-1126; vacant residential and common areas excluded. Parcels are not dwelling units. No housing-unit field is supplied by this GIS layer."
"Calico Farms","1","2","1","0","1","362","412","277","17","0.2762","Neighborhoods","Count unique original KIVAPIN parcel IDs, assigned by a point inside the original parcel boundary. Residential land-use codes 1111,1112,1121-1126; vacant residential and common areas excluded. Parcels are not dwelling units. No housing-unit field is supplied by this GIS layer."
"Center City","3","2","3","0","3","112","274","91","18","2.6786","Neighborhoods","Count unique original KIVAPIN parcel IDs, assigned by a point inside the original parcel boundary. Residential land-use codes 1111,1112,1121-1126; vacant residential and common areas excluded. Parcels are not dwelling units. No housing-unit field is supplied by this GIS layer."
"Central Hyde Park","13","10","13","0","13","368","410","273","0","3.5326","Neighborhoods","Count unique original KIVAPIN parcel IDs, assigned by a point inside the original parcel boundary. Residential land-use codes 1111,1112,1121-1126; vacant residential and common areas excluded. Parcels are not dwelling units. No housing-unit field is supplied by this GIS layer."
"Chaumiere","1","1","1","0","1","568","610","534","3","0.1761","Neighborhoods","Count unique original KIVAPIN parcel IDs, assigned by a point inside the original parcel boundary. Residential land-use codes 1111,1112,1121-1126; vacant residential and common areas excluded. Parcels are not dwelling units. No housing-unit field is supplied by this GIS layer."
"Chouteau Estates","1","0","1","0","1","439","527","432","2","0.2278","Neighborhoods","Count unique original KIVAPIN parcel IDs, assigned by a point inside the original parcel boundary. Residential land-use codes 1111,1112,1121-1126; vacant residential and common areas excluded. Parcels are not dwelling units. No housing-unit field is supplied by this GIS layer."
"Clayton","3","3","3","0","3","1265","1325","1206","2","0.2372","Neighborhoods","Count unique original KIVAPIN parcel IDs, assigned by a point inside the original parcel boundary. Residential land-use codes 1111,1112,1121-1126; vacant residential and common areas excluded. Parcels are not dwelling units. No housing-unit field is supplied by this GIS layer."
"Coachlight Square","4","2","4","0","4","212","243","212","0","1.8868","Neighborhoods","Count unique original KIVAPIN parcel IDs, assigned by a point inside the original parcel boundary. Residential land-use codes 1111,1112,1121-1126; vacant residential and common areas excluded. Parcels are not dwelling units. No housing-unit field is supplied by this GIS layer."
"Coleman Highlands","2","2","2","0","2","261","324","259","4","0.7663","Neighborhoods","Count unique original KIVAPIN parcel IDs, assigned by a point inside the original parcel boundary. Residential land-use codes 1111,1112,1121-1126; vacant residential and common areas excluded. Parcels are not dwelling units. No housing-unit field is supplied by this GIS layer."
"Colonial Square","1","1","1","0","1","72","90","70","2","1.3889","Neighborhoods","Count unique original KIVAPIN parcel IDs, assigned by a point inside the original parcel boundary. Residential land-use codes 1111,1112,1121-1126; vacant residential and common areas excluded. Parcels are not dwelling units. No housing-unit field is supplied by this GIS layer."
"Columbus Park","18","11","18","0","18","238","375","119","53","7.5630","Neighborhoods","Count unique original KIVAPIN parcel IDs, assigned by a point inside the original parcel boundary. Residential land-use codes 1111,1112,1121-1126; vacant residential and common areas excluded. Parcels are not dwelling units. No housing-unit field is supplied by this GIS layer."
"Cooley Highlands S","1","2","1","0","1","414","456","411","1","0.2415","Neighborhoods","Count unique original KIVAPIN parcel IDs, assigned by a point inside the original parcel boundary. Residential land-use codes 1111,1112,1121-1126; vacant residential and common areas excluded. Parcels are not dwelling units. No housing-unit field is supplied by this GIS layer."
"Country Club District","1","1","1","0","1","240","244","240","0","0.4167","Neighborhoods","Count unique original KIVAPIN parcel IDs, assigned by a point inside the original parcel boundary. Residential land-use codes 1111,1112,1121-1126; vacant residential and common areas excluded. Parcels are not dwelling units. No housing-unit field is supplied by this GIS layer."
"Country Club Plaza","2","0","2","0","2","5","84","0","47","40.0000","Neighborhoods","Count unique original KIVAPIN parcel IDs, assigned by a point inside the original parcel boundary. Residential land-use codes 1111,1112,1121-1126; vacant residential and common areas excluded. Parcels are not dwelling units. No housing-unit field is supplied by this GIS layer."
"Country Valley-Hawthorn Square","0","1","0","0","0","405","544","308","35","0.0000","Neighborhoods","Count unique original KIVAPIN parcel IDs, assigned by a point inside the original parcel boundary. Residential land-use codes 1111,1112,1121-1126; vacant residential and common areas excluded. Parcels are not dwelling units. No housing-unit field is supplied by this GIS layer."
"Countryside","4","4","4","0","4","463","515","450","43","0.8639","Neighborhoods","Count unique original KIVAPIN parcel IDs, assigned by a point inside the original parcel boundary. Residential land-use codes 1111,1112,1121-1126; vacant residential and common areas excluded. Parcels are not dwelling units. No housing-unit field is supplied by this GIS layer."
"Coves North","4","4","4","0","4","1722","2321","1384","232","0.2323","Neighborhoods","Count unique original KIVAPIN parcel IDs, assigned by a point inside the original parcel boundary. Residential land-use codes 1111,1112,1121-1126; vacant residential and common areas excluded. Parcels are not dwelling units. No housing-unit field is supplied by this GIS layer."
"Crestview","5","5","5","0","5","1038","1057","1026","1","0.4817","Neighborhoods","Count unique original KIVAPIN parcel IDs, assigned by a point inside the original parcel boundary. Residential land-use codes 1111,1112,1121-1126; vacant residential and common areas excluded. Parcels are not dwelling units. No housing-unit field is supplied by this GIS layer."
"Crestwood","2","1","2","0","2","163","172","162","0","1.2270","Neighborhoods","Count unique original KIVAPIN parcel IDs, assigned by a point inside the original parcel boundary. Residential land-use codes 1111,1112,1121-1126; vacant residential and common areas excluded. Parcels are not dwelling units. No housing-unit field is supplied by this GIS layer."
"Crossroads","11","2","20","9","11","25","527","1","185","44.0000","Neighborhoods","Count unique original KIVAPIN parcel IDs, assigned by a point inside the original parcel boundary. Residential land-use codes 1111,1112,1121-1126; vacant residential and common areas excluded. Parcels are not dwelling units. No housing-unit field is supplied by this GIS layer."
"Crown Center","1","0","1","0","1","36","669","0","530","2.7778","Neighborhoods","Count unique original KIVAPIN parcel IDs, assigned by a point inside the original parcel boundary. Residential land-use codes 1111,1112,1121-1126; vacant residential and common areas excluded. Parcels are not dwelling units. No housing-unit field is supplied by this GIS layer."
"Cunningham Ridge","4","1","6","2","4","70","118","69","0","5.7143","Neighborhoods","Count unique original KIVAPIN parcel IDs, assigned by a point inside the original parcel boundary. Residential land-use codes 1111,1112,1121-1126; vacant residential and common areas excluded. Parcels are not dwelling units. No housing-unit field is supplied by this GIS layer."
"Davidson","3","1","3","0","3","1474","1595","1468","16","0.2035","Neighborhoods","Count unique original KIVAPIN parcel IDs, assigned by a point inside the original parcel boundary. Residential land-use codes 1111,1112,1121-1126; vacant residential and common areas excluded. Parcels are not dwelling units. No housing-unit field is supplied by this GIS layer."
"East Community Team North","2","1","2","0","2","1291","1849","1234","12","0.1549","Neighborhoods","Count unique original KIVAPIN parcel IDs, assigned by a point inside the original parcel boundary. Residential land-use codes 1111,1112,1121-1126; vacant residential and common areas excluded. Parcels are not dwelling units. No housing-unit field is supplied by this GIS layer."
"East Meyer 6","2","2","2","0","2","1087","1169","1063","3","0.1840","Neighborhoods","Count unique original KIVAPIN parcel IDs, assigned by a point inside the original parcel boundary. Residential land-use codes 1111,1112,1121-1126; vacant residential and common areas excluded. Parcels are not dwelling units. No housing-unit field is supplied by this GIS layer."
"East Meyer 7","2","2","2","0","2","757","868","707","0","0.2642","Neighborhoods","Count unique original KIVAPIN parcel IDs, assigned by a point inside the original parcel boundary. Residential land-use codes 1111,1112,1121-1126; vacant residential and common areas excluded. Parcels are not dwelling units. No housing-unit field is supplied by this GIS layer."
"East Swope Highlands","4","1","4","0","4","283","438","278","4","1.4134","Neighborhoods","Count unique original KIVAPIN parcel IDs, assigned by a point inside the original parcel boundary. Residential land-use codes 1111,1112,1121-1126; vacant residential and common areas excluded. Parcels are not dwelling units. No housing-unit field is supplied by this GIS layer."
"Eastern 49-63","5","6","5","0","5","1085","1210","969","4","0.4608","Neighborhoods","Count unique original KIVAPIN parcel IDs, assigned by a point inside the original parcel boundary. Residential land-use codes 1111,1112,1121-1126; vacant residential and common areas excluded. Parcels are not dwelling units. No housing-unit field is supplied by this GIS layer."
"Eastwood Hills East","1","6","1","0","1","1303","1432","1294","0","0.0767","Neighborhoods","Count unique original KIVAPIN parcel IDs, assigned by a point inside the original parcel boundary. Residential land-use codes 1111,1112,1121-1126; vacant residential and common areas excluded. Parcels are not dwelling units. No housing-unit field is supplied by this GIS layer."
"Eastwood Hills West","1","2","1","0","1","292","529","290","9","0.3425","Neighborhoods","Count unique original KIVAPIN parcel IDs, assigned by a point inside the original parcel boundary. Residential land-use codes 1111,1112,1121-1126; vacant residential and common areas excluded. Parcels are not dwelling units. No housing-unit field is supplied by this GIS layer."
"Fairlane","2","1","2","0","2","1599","1689","1593","4","0.1251","Neighborhoods","Count unique original KIVAPIN parcel IDs, assigned by a point inside the original parcel boundary. Residential land-use codes 1111,1112,1121-1126; vacant residential and common areas excluded. Parcels are not dwelling units. No housing-unit field is supplied by this GIS layer."
"Fairway Hills","2","1","2","0","2","840","875","840","0","0.2381","Neighborhoods","Count unique original KIVAPIN parcel IDs, assigned by a point inside the original parcel boundary. Residential land-use codes 1111,1112,1121-1126; vacant residential and common areas excluded. Parcels are not dwelling units. No housing-unit field is supplied by this GIS layer."
"Fairwood And Robandee","3","3","3","0","3","1393","1434","1368","0","0.2154","Neighborhoods","Count unique original KIVAPIN parcel IDs, assigned by a point inside the original parcel boundary. Residential land-use codes 1111,1112,1121-1126; vacant residential and common areas excluded. Parcels are not dwelling units. No housing-unit field is supplied by this GIS layer."
"Forgotten Homes","2","2","2","0","2","68","148","50","0","2.9412","Neighborhoods","Count unique original KIVAPIN parcel IDs, assigned by a point inside the original parcel boundary. Residential land-use codes 1111,1112,1121-1126; vacant residential and common areas excluded. Parcels are not dwelling units. No housing-unit field is supplied by this GIS layer."
"Foxtown East","2","0","2","0","2","380","528","375","0","0.5263","Neighborhoods","Count unique original KIVAPIN parcel IDs, assigned by a point inside the original parcel boundary. Residential land-use codes 1111,1112,1121-1126; vacant residential and common areas excluded. Parcels are not dwelling units. No housing-unit field is supplied by this GIS layer."
"Gashland","3","5","3","0","3","1770","2060","1690","141","0.1695","Neighborhoods","Count unique original KIVAPIN parcel IDs, assigned by a point inside the original parcel boundary. Residential land-use codes 1111,1112,1121-1126; vacant residential and common areas excluded. Parcels are not dwelling units. No housing-unit field is supplied by this GIS layer."
"Glenhaven","1","1","1","0","1","354","385","349","5","0.2825","Neighborhoods","Count unique original KIVAPIN parcel IDs, assigned by a point inside the original parcel boundary. Residential land-use codes 1111,1112,1121-1126; vacant residential and common areas excluded. Parcels are not dwelling units. No housing-unit field is supplied by this GIS layer."
"Gracemor-Randolph Corners","1","0","1","0","1","1395","1415","1395","4","0.0717","Neighborhoods","Count unique original KIVAPIN parcel IDs, assigned by a point inside the original parcel boundary. Residential land-use codes 1111,1112,1121-1126; vacant residential and common areas excluded. Parcels are not dwelling units. No housing-unit field is supplied by this GIS layer."
"Greenway Fields","1","0","1","0","1","343","346","343","0","0.2915","Neighborhoods","Count unique original KIVAPIN parcel IDs, assigned by a point inside the original parcel boundary. Residential land-use codes 1111,1112,1121-1126; vacant residential and common areas excluded. Parcels are not dwelling units. No housing-unit field is supplied by this GIS layer."
"Hanover Place","28","22","28","0","28","304","484","115","65","9.2105","Neighborhoods","Count unique original KIVAPIN parcel IDs, assigned by a point inside the original parcel boundary. Residential land-use codes 1111,1112,1121-1126; vacant residential and common areas excluded. Parcels are not dwelling units. No housing-unit field is supplied by this GIS layer."
"Hawthorne And Picture Hills","2","1","2","0","2","450","531","403","0","0.4444","Neighborhoods","Count unique original KIVAPIN parcel IDs, assigned by a point inside the original parcel boundary. Residential land-use codes 1111,1112,1121-1126; vacant residential and common areas excluded. Parcels are not dwelling units. No housing-unit field is supplied by this GIS layer."
"Hickman Mills","6","2","6","0","6","451","643","442","8","1.3304","Neighborhoods","Count unique original KIVAPIN parcel IDs, assigned by a point inside the original parcel boundary. Residential land-use codes 1111,1112,1121-1126; vacant residential and common areas excluded. Parcels are not dwelling units. No housing-unit field is supplied by this GIS layer."
"Hidden Valley","0","1","0","0","0","168","202","158","0","0.0000","Neighborhoods","Count unique original KIVAPIN parcel IDs, assigned by a point inside the original parcel boundary. Residential land-use codes 1111,1112,1121-1126; vacant residential and common areas excluded. Parcels are not dwelling units. No housing-unit field is supplied by this GIS layer."
"Highview Estates","3","2","3","0","3","616","837","455","10","0.4870","Neighborhoods","Count unique original KIVAPIN parcel IDs, assigned by a point inside the original parcel boundary. Residential land-use codes 1111,1112,1121-1126; vacant residential and common areas excluded. Parcels are not dwelling units. No housing-unit field is supplied by this GIS layer."
"Holmes Park","1","3","1","0","1","332","379","317","0","0.3012","Neighborhoods","Count unique original KIVAPIN parcel IDs, assigned by a point inside the original parcel boundary. Residential land-use codes 1111,1112,1121-1126; vacant residential and common areas excluded. Parcels are not dwelling units. No housing-unit field is supplied by this GIS layer."
"Hospital Hill","7","4","7","0","7","0","303","0","24","","Neighborhoods","Count unique original KIVAPIN parcel IDs, assigned by a point inside the original parcel boundary. Residential land-use codes 1111,1112,1121-1126; vacant residential and common areas excluded. Parcels are not dwelling units. No housing-unit field is supplied by this GIS layer."
"Independence Plaza","5","7","5","0","5","612","885","485","3","0.8170","Neighborhoods","Count unique original KIVAPIN parcel IDs, assigned by a point inside the original parcel boundary. Residential land-use codes 1111,1112,1121-1126; vacant residential and common areas excluded. Parcels are not dwelling units. No housing-unit field is supplied by this GIS layer."
"Ingleside","1","0","1","0","1","498","731","488","0","0.2008","Neighborhoods","Count unique original KIVAPIN parcel IDs, assigned by a point inside the original parcel boundary. Residential land-use codes 1111,1112,1121-1126; vacant residential and common areas excluded. Parcels are not dwelling units. No housing-unit field is supplied by this GIS layer."
"Ivanhoe Northeast","0","1","0","0","0","350","582","314","2","0.0000","Neighborhoods","Count unique original KIVAPIN parcel IDs, assigned by a point inside the original parcel boundary. Residential land-use codes 1111,1112,1121-1126; vacant residential and common areas excluded. Parcels are not dwelling units. No housing-unit field is supplied by this GIS layer."
"Ivanhoe Southeast","1","0","1","0","1","627","1059","599","11","0.1595","Neighborhoods","Count unique original KIVAPIN parcel IDs, assigned by a point inside the original parcel boundary. Residential land-use codes 1111,1112,1121-1126; vacant residential and common areas excluded. Parcels are not dwelling units. No housing-unit field is supplied by this GIS layer."
"Ivanhoe Southwest","1","1","1","0","1","478","817","449","22","0.2092","Neighborhoods","Count unique original KIVAPIN parcel IDs, assigned by a point inside the original parcel boundary. Residential land-use codes 1111,1112,1121-1126; vacant residential and common areas excluded. Parcels are not dwelling units. No housing-unit field is supplied by this GIS layer."
"KCI & 2nd Creek","3","5","9","6","3","2166","4314","2122","1106","0.1385","Neighborhoods","Count unique original KIVAPIN parcel IDs, assigned by a point inside the original parcel boundary. Residential land-use codes 1111,1112,1121-1126; vacant residential and common areas excluded. Parcels are not dwelling units. No housing-unit field is supplied by this GIS layer."
"Key Coalition","5","3","5","0","5","701","1163","597","13","0.7133","Neighborhoods","Count unique original KIVAPIN parcel IDs, assigned by a point inside the original parcel boundary. Residential land-use codes 1111,1112,1121-1126; vacant residential and common areas excluded. Parcels are not dwelling units. No housing-unit field is supplied by this GIS layer."
"Kirkside","3","1","3","0","3","618","655","618","0","0.4854","Neighborhoods","Count unique original KIVAPIN parcel IDs, assigned by a point inside the original parcel boundary. Residential land-use codes 1111,1112,1121-1126; vacant residential and common areas excluded. Parcels are not dwelling units. No housing-unit field is supplied by this GIS layer."
"Lakeview Terrace","1","2","1","0","1","313","354","307","4","0.3195","Neighborhoods","Count unique original KIVAPIN parcel IDs, assigned by a point inside the original parcel boundary. Residential land-use codes 1111,1112,1121-1126; vacant residential and common areas excluded. Parcels are not dwelling units. No housing-unit field is supplied by this GIS layer."
"Lea Manor","1","0","1","0","1","642","734","632","3","0.1558","Neighborhoods","Count unique original KIVAPIN parcel IDs, assigned by a point inside the original parcel boundary. Residential land-use codes 1111,1112,1121-1126; vacant residential and common areas excluded. Parcels are not dwelling units. No housing-unit field is supplied by this GIS layer."
"Legacy East","1","1","1","0","0","262","418","190","21","0.0000","Neighborhoods","Count unique original KIVAPIN parcel IDs, assigned by a point inside the original parcel boundary. Residential land-use codes 1111,1112,1121-1126; vacant residential and common areas excluded. Parcels are not dwelling units. No housing-unit field is supplied by this GIS layer."
"Lewis Heights","1","1","1","0","1","195","265","193","18","0.5128","Neighborhoods","Count unique original KIVAPIN parcel IDs, assigned by a point inside the original parcel boundary. Residential land-use codes 1111,1112,1121-1126; vacant residential and common areas excluded. Parcels are not dwelling units. No housing-unit field is supplied by this GIS layer."
"Linden Hills And Indian Heights","1","2","1","0","1","738","989","636","157","0.1355","Neighborhoods","Count unique original KIVAPIN parcel IDs, assigned by a point inside the original parcel boundary. Residential land-use codes 1111,1112,1121-1126; vacant residential and common areas excluded. Parcels are not dwelling units. No housing-unit field is supplied by this GIS layer."
"Linden Park","1","0","1","0","1","255","269","197","0","0.3922","Neighborhoods","Count unique original KIVAPIN parcel IDs, assigned by a point inside the original parcel boundary. Residential land-use codes 1111,1112,1121-1126; vacant residential and common areas excluded. Parcels are not dwelling units. No housing-unit field is supplied by this GIS layer."
"Linwood Homeowners-Ivanhoe","2","1","2","0","2","527","833","495","9","0.3795","Neighborhoods","Count unique original KIVAPIN parcel IDs, assigned by a point inside the original parcel boundary. Residential land-use codes 1111,1112,1121-1126; vacant residential and common areas excluded. Parcels are not dwelling units. No housing-unit field is supplied by this GIS layer."
"Little Blue","3","2","3","0","3","1181","1691","1171","36","0.2540","Neighborhoods","Count unique original KIVAPIN parcel IDs, assigned by a point inside the original parcel boundary. Residential land-use codes 1111,1112,1121-1126; vacant residential and common areas excluded. Parcels are not dwelling units. No housing-unit field is supplied by this GIS layer."
"Loma Vista","1","0","1","0","1","163","261","154","25","0.6135","Neighborhoods","Count unique original KIVAPIN parcel IDs, assigned by a point inside the original parcel boundary. Residential land-use codes 1111,1112,1121-1126; vacant residential and common areas excluded. Parcels are not dwelling units. No housing-unit field is supplied by this GIS layer."
"Longfellow","18","14","18","0","18","403","663","313","70","4.4665","Neighborhoods","Count unique original KIVAPIN parcel IDs, assigned by a point inside the original parcel boundary. Residential land-use codes 1111,1112,1121-1126; vacant residential and common areas excluded. Parcels are not dwelling units. No housing-unit field is supplied by this GIS layer."
"Longview","1","1","1","0","1","136","348","136","6","0.7353","Neighborhoods","Count unique original KIVAPIN parcel IDs, assigned by a point inside the original parcel boundary. Residential land-use codes 1111,1112,1121-1126; vacant residential and common areas excluded. Parcels are not dwelling units. No housing-unit field is supplied by this GIS layer."
"Lykins","2","4","2","0","2","1605","2162","1410","8","0.1246","Neighborhoods","Count unique original KIVAPIN parcel IDs, assigned by a point inside the original parcel boundary. Residential land-use codes 1111,1112,1121-1126; vacant residential and common areas excluded. Parcels are not dwelling units. No housing-unit field is supplied by this GIS layer."
"Manheim Park","8","8","8","0","8","517","828","413","46","1.5474","Neighborhoods","Count unique original KIVAPIN parcel IDs, assigned by a point inside the original parcel boundary. Residential land-use codes 1111,1112,1121-1126; vacant residential and common areas excluded. Parcels are not dwelling units. No housing-unit field is supplied by this GIS layer."
"Maple Park","2","2","2","0","2","585","638","585","3","0.3419","Neighborhoods","Count unique original KIVAPIN parcel IDs, assigned by a point inside the original parcel boundary. Residential land-use codes 1111,1112,1121-1126; vacant residential and common areas excluded. Parcels are not dwelling units. No housing-unit field is supplied by this GIS layer."
"Maple Park West","4","4","4","0","4","786","900","708","2","0.5089","Neighborhoods","Count unique original KIVAPIN parcel IDs, assigned by a point inside the original parcel boundary. Residential land-use codes 1111,1112,1121-1126; vacant residential and common areas excluded. Parcels are not dwelling units. No housing-unit field is supplied by this GIS layer."
"Marlborough Heights/Marlborough Pride","0","1","0","0","0","1336","1717","1327","3","0.0000","Neighborhoods","Count unique original KIVAPIN parcel IDs, assigned by a point inside the original parcel boundary. Residential land-use codes 1111,1112,1121-1126; vacant residential and common areas excluded. Parcels are not dwelling units. No housing-unit field is supplied by this GIS layer."
"Martin City","1","1","1","0","1","451","774","370","103","0.2217","Neighborhoods","Count unique original KIVAPIN parcel IDs, assigned by a point inside the original parcel boundary. Residential land-use codes 1111,1112,1121-1126; vacant residential and common areas excluded. Parcels are not dwelling units. No housing-unit field is supplied by this GIS layer."
"Meadowbrook Heights","1","2","1","0","1","1462","1606","1426","34","0.0684","Neighborhoods","Count unique original KIVAPIN parcel IDs, assigned by a point inside the original parcel boundary. Residential land-use codes 1111,1112,1121-1126; vacant residential and common areas excluded. Parcels are not dwelling units. No housing-unit field is supplied by this GIS layer."
"Mission Lake","1","1","1","0","1","1123","1286","1085","7","0.0890","Neighborhoods","Count unique original KIVAPIN parcel IDs, assigned by a point inside the original parcel boundary. Residential land-use codes 1111,1112,1121-1126; vacant residential and common areas excluded. Parcels are not dwelling units. No housing-unit field is supplied by this GIS layer."
"Morningside","5","4","5","0","5","555","741","553","138","0.9009","Neighborhoods","Count unique original KIVAPIN parcel IDs, assigned by a point inside the original parcel boundary. Residential land-use codes 1111,1112,1121-1126; vacant residential and common areas excluded. Parcels are not dwelling units. No housing-unit field is supplied by this GIS layer."
"Mount Cleveland","0","1","0","0","0","55","168","50","5","0.0000","Neighborhoods","Count unique original KIVAPIN parcel IDs, assigned by a point inside the original parcel boundary. Residential land-use codes 1111,1112,1121-1126; vacant residential and common areas excluded. Parcels are not dwelling units. No housing-unit field is supplied by this GIS layer."
"Nashua","3","1","3","0","3","1683","1780","1633","3","0.1783","Neighborhoods","Count unique original KIVAPIN parcel IDs, assigned by a point inside the original parcel boundary. Residential land-use codes 1111,1112,1121-1126; vacant residential and common areas excluded. Parcels are not dwelling units. No housing-unit field is supplied by this GIS layer."
"New Mark","1","0","1","0","1","1530","1676","1513","115","0.0654","Neighborhoods","Count unique original KIVAPIN parcel IDs, assigned by a point inside the original parcel boundary. Residential land-use codes 1111,1112,1121-1126; vacant residential and common areas excluded. Parcels are not dwelling units. No housing-unit field is supplied by this GIS layer."
"Noble And Gregory Ridge","0","1","0","0","0","867","1086","825","1","0.0000","Neighborhoods","Count unique original KIVAPIN parcel IDs, assigned by a point inside the original parcel boundary. Residential land-use codes 1111,1112,1121-1126; vacant residential and common areas excluded. Parcels are not dwelling units. No housing-unit field is supplied by this GIS layer."
"North Blue Ridge","1","2","1","0","1","394","558","369","2","0.2538","Neighborhoods","Count unique original KIVAPIN parcel IDs, assigned by a point inside the original parcel boundary. Residential land-use codes 1111,1112,1121-1126; vacant residential and common areas excluded. Parcels are not dwelling units. No housing-unit field is supplied by this GIS layer."
"North Hyde Park","17","10","17","0","17","326","537","216","4","5.2147","Neighborhoods","Count unique original KIVAPIN parcel IDs, assigned by a point inside the original parcel boundary. Residential land-use codes 1111,1112,1121-1126; vacant residential and common areas excluded. Parcels are not dwelling units. No housing-unit field is supplied by this GIS layer."
"North Indian Mound","4","3","4","0","4","1691","1831","1600","1","0.2365","Neighborhoods","Count unique original KIVAPIN parcel IDs, assigned by a point inside the original parcel boundary. Residential land-use codes 1111,1112,1121-1126; vacant residential and common areas excluded. Parcels are not dwelling units. No housing-unit field is supplied by this GIS layer."
"North Town Fork Creek","4","3","4","0","4","1323","1836","1281","5","0.3023","Neighborhoods","Count unique original KIVAPIN parcel IDs, assigned by a point inside the original parcel boundary. Residential land-use codes 1111,1112,1121-1126; vacant residential and common areas excluded. Parcels are not dwelling units. No housing-unit field is supplied by this GIS layer."
"Oak Meyer Gardens","5","4","5","0","5","500","510","423","2","1.0000","Neighborhoods","Count unique original KIVAPIN parcel IDs, assigned by a point inside the original parcel boundary. Residential land-use codes 1111,1112,1121-1126; vacant residential and common areas excluded. Parcels are not dwelling units. No housing-unit field is supplied by this GIS layer."
"Oak Park Northwest","3","1","3","0","3","1250","1606","1187","3","0.2400","Neighborhoods","Count unique original KIVAPIN parcel IDs, assigned by a point inside the original parcel boundary. Residential land-use codes 1111,1112,1121-1126; vacant residential and common areas excluded. Parcels are not dwelling units. No housing-unit field is supplied by this GIS layer."
"Oak Park Southeast","1","2","1","0","1","877","1026","868","0","0.1140","Neighborhoods","Count unique original KIVAPIN parcel IDs, assigned by a point inside the original parcel boundary. Residential land-use codes 1111,1112,1121-1126; vacant residential and common areas excluded. Parcels are not dwelling units. No housing-unit field is supplied by this GIS layer."
"Oak Park Southwest","1","0","1","0","1","1055","1317","1046","3","0.0948","Neighborhoods","Count unique original KIVAPIN parcel IDs, assigned by a point inside the original parcel boundary. Residential land-use codes 1111,1112,1121-1126; vacant residential and common areas excluded. Parcels are not dwelling units. No housing-unit field is supplied by this GIS layer."
"Oakwood","0","1","0","0","0","181","263","181","12","0.0000","Neighborhoods","Count unique original KIVAPIN parcel IDs, assigned by a point inside the original parcel boundary. Residential land-use codes 1111,1112,1121-1126; vacant residential and common areas excluded. Parcels are not dwelling units. No housing-unit field is supplied by this GIS layer."
"Old Westport","13","9","17","4","13","134","442","95","67","9.7015","Neighborhoods","Count unique original KIVAPIN parcel IDs, assigned by a point inside the original parcel boundary. Residential land-use codes 1111,1112,1121-1126; vacant residential and common areas excluded. Parcels are not dwelling units. No housing-unit field is supplied by this GIS layer."
"Park Central-Research Park","12","10","14","2","12","19","135","13","89","63.1579","Neighborhoods","Count unique original KIVAPIN parcel IDs, assigned by a point inside the original parcel boundary. Residential land-use codes 1111,1112,1121-1126; vacant residential and common areas excluded. Parcels are not dwelling units. No housing-unit field is supplied by this GIS layer."
"Park Forest","3","2","3","0","3","1317","1378","1207","14","0.2278","Neighborhoods","Count unique original KIVAPIN parcel IDs, assigned by a point inside the original parcel boundary. Residential land-use codes 1111,1112,1121-1126; vacant residential and common areas excluded. Parcels are not dwelling units. No housing-unit field is supplied by this GIS layer."
"Park Plaza","1","1","1","0","1","940","1082","879","63","0.1064","Neighborhoods","Count unique original KIVAPIN parcel IDs, assigned by a point inside the original parcel boundary. Residential land-use codes 1111,1112,1121-1126; vacant residential and common areas excluded. Parcels are not dwelling units. No housing-unit field is supplied by this GIS layer."
"Parkdale And Walden","3","4","3","0","3","1329","1593","1183","93","0.2257","Neighborhoods","Count unique original KIVAPIN parcel IDs, assigned by a point inside the original parcel boundary. Residential land-use codes 1111,1112,1121-1126; vacant residential and common areas excluded. Parcels are not dwelling units. No housing-unit field is supplied by this GIS layer."
"Paseo West","5","4","5","0","5","60","298","7","0","8.3333","Neighborhoods","Count unique original KIVAPIN parcel IDs, assigned by a point inside the original parcel boundary. Residential land-use codes 1111,1112,1121-1126; vacant residential and common areas excluded. Parcels are not dwelling units. No housing-unit field is supplied by this GIS layer."
"Pendleton Heights","10","9","10","0","10","535","667","363","9","1.8692","Neighborhoods","Count unique original KIVAPIN parcel IDs, assigned by a point inside the original parcel boundary. Residential land-use codes 1111,1112,1121-1126; vacant residential and common areas excluded. Parcels are not dwelling units. No housing-unit field is supplied by this GIS layer."
"Platte Brook North","2","4","2","0","2","574","746","486","107","0.3484","Neighborhoods","Count unique original KIVAPIN parcel IDs, assigned by a point inside the original parcel boundary. Residential land-use codes 1111,1112,1121-1126; vacant residential and common areas excluded. Parcels are not dwelling units. No housing-unit field is supplied by this GIS layer."
"Platte Ridge","2","2","3","1","2","738","926","683","128","0.2710","Neighborhoods","Count unique original KIVAPIN parcel IDs, assigned by a point inside the original parcel boundary. Residential land-use codes 1111,1112,1121-1126; vacant residential and common areas excluded. Parcels are not dwelling units. No housing-unit field is supplied by this GIS layer."
"Plaza Westport","16","6","17","1","16","205","748","141","489","7.8049","Neighborhoods","Count unique original KIVAPIN parcel IDs, assigned by a point inside the original parcel boundary. Residential land-use codes 1111,1112,1121-1126; vacant residential and common areas excluded. Parcels are not dwelling units. No housing-unit field is supplied by this GIS layer."
"Quality Hill","9","4","9","0","9","28","633","0","529","32.1429","Neighborhoods","Count unique original KIVAPIN parcel IDs, assigned by a point inside the original parcel boundary. Residential land-use codes 1111,1112,1121-1126; vacant residential and common areas excluded. Parcels are not dwelling units. No housing-unit field is supplied by this GIS layer."
"Red Bridge North","3","3","3","0","3","516","610","498","51","0.5814","Neighborhoods","Count unique original KIVAPIN parcel IDs, assigned by a point inside the original parcel boundary. Residential land-use codes 1111,1112,1121-1126; vacant residential and common areas excluded. Parcels are not dwelling units. No housing-unit field is supplied by this GIS layer."
"Red Bridge South","1","1","1","0","1","446","489","378","30","0.2242","Neighborhoods","Count unique original KIVAPIN parcel IDs, assigned by a point inside the original parcel boundary. Residential land-use codes 1111,1112,1121-1126; vacant residential and common areas excluded. Parcels are not dwelling units. No housing-unit field is supplied by this GIS layer."
"Ridgefield","1","0","1","0","1","1604","1711","1559","10","0.0623","Neighborhoods","Count unique original KIVAPIN parcel IDs, assigned by a point inside the original parcel boundary. Residential land-use codes 1111,1112,1121-1126; vacant residential and common areas excluded. Parcels are not dwelling units. No housing-unit field is supplied by this GIS layer."
"Riss Lake","7","4","7","0","7","490","681","278","10","1.4286","Neighborhoods","Count unique original KIVAPIN parcel IDs, assigned by a point inside the original parcel boundary. Residential land-use codes 1111,1112,1121-1126; vacant residential and common areas excluded. Parcels are not dwelling units. No housing-unit field is supplied by this GIS layer."
"River Forest","3","3","3","0","3","574","637","573","19","0.5226","Neighborhoods","Count unique original KIVAPIN parcel IDs, assigned by a point inside the original parcel boundary. Residential land-use codes 1111,1112,1121-1126; vacant residential and common areas excluded. Parcels are not dwelling units. No housing-unit field is supplied by this GIS layer."
"River Market","22","7","22","0","22","59","603","2","415","37.2881","Neighborhoods","Count unique original KIVAPIN parcel IDs, assigned by a point inside the original parcel boundary. Residential land-use codes 1111,1112,1121-1126; vacant residential and common areas excluded. Parcels are not dwelling units. No housing-unit field is supplied by this GIS layer."
"River View","1","0","1","0","1","332","500","317","14","0.3012","Neighborhoods","Count unique original KIVAPIN parcel IDs, assigned by a point inside the original parcel boundary. Residential land-use codes 1111,1112,1121-1126; vacant residential and common areas excluded. Parcels are not dwelling units. No housing-unit field is supplied by this GIS layer."
"Roanoke","1","0","1","0","1","138","161","122","8","0.7246","Neighborhoods","Count unique original KIVAPIN parcel IDs, assigned by a point inside the original parcel boundary. Residential land-use codes 1111,1112,1121-1126; vacant residential and common areas excluded. Parcels are not dwelling units. No housing-unit field is supplied by this GIS layer."
"Robandee South","0","1","0","0","0","501","552","458","4","0.0000","Neighborhoods","Count unique original KIVAPIN parcel IDs, assigned by a point inside the original parcel boundary. Residential land-use codes 1111,1112,1121-1126; vacant residential and common areas excluded. Parcels are not dwelling units. No housing-unit field is supplied by this GIS layer."
"Rockhill","4","1","4","0","4","93","102","89","2","4.3011","Neighborhoods","Count unique original KIVAPIN parcel IDs, assigned by a point inside the original parcel boundary. Residential land-use codes 1111,1112,1121-1126; vacant residential and common areas excluded. Parcels are not dwelling units. No housing-unit field is supplied by this GIS layer."
"Rockhill Manor","1","1","1","0","1","175","269","148","68","0.5714","Neighborhoods","Count unique original KIVAPIN parcel IDs, assigned by a point inside the original parcel boundary. Residential land-use codes 1111,1112,1121-1126; vacant residential and common areas excluded. Parcels are not dwelling units. No housing-unit field is supplied by this GIS layer."
"Rolling Meadows","2","2","2","0","2","372","380","372","0","0.5376","Neighborhoods","Count unique original KIVAPIN parcel IDs, assigned by a point inside the original parcel boundary. Residential land-use codes 1111,1112,1121-1126; vacant residential and common areas excluded. Parcels are not dwelling units. No housing-unit field is supplied by this GIS layer."
"Royal Oaks","4","4","4","0","4","493","541","490","0","0.8114","Neighborhoods","Count unique original KIVAPIN parcel IDs, assigned by a point inside the original parcel boundary. Residential land-use codes 1111,1112,1121-1126; vacant residential and common areas excluded. Parcels are not dwelling units. No housing-unit field is supplied by this GIS layer."
"Royal Oaks North","2","1","2","0","2","543","588","348","2","0.3683","Neighborhoods","Count unique original KIVAPIN parcel IDs, assigned by a point inside the original parcel boundary. Residential land-use codes 1111,1112,1121-1126; vacant residential and common areas excluded. Parcels are not dwelling units. No housing-unit field is supplied by this GIS layer."
"Ruskin Hills","1","1","1","0","1","897","942","887","0","0.1115","Neighborhoods","Count unique original KIVAPIN parcel IDs, assigned by a point inside the original parcel boundary. Residential land-use codes 1111,1112,1121-1126; vacant residential and common areas excluded. Parcels are not dwelling units. No housing-unit field is supplied by this GIS layer."
"Santa Fe","4","5","4","0","4","640","837","549","1","0.6250","Neighborhoods","Count unique original KIVAPIN parcel IDs, assigned by a point inside the original parcel boundary. Residential land-use codes 1111,1112,1121-1126; vacant residential and common areas excluded. Parcels are not dwelling units. No housing-unit field is supplied by this GIS layer."
"Santa Fe Hills","6","3","6","0","6","652","691","648","1","0.9202","Neighborhoods","Count unique original KIVAPIN parcel IDs, assigned by a point inside the original parcel boundary. Residential land-use codes 1111,1112,1121-1126; vacant residential and common areas excluded. Parcels are not dwelling units. No housing-unit field is supplied by this GIS layer."
"Scarritt Point","8","6","8","0","7","1619","1898","1386","1","0.4324","Neighborhoods","Count unique original KIVAPIN parcel IDs, assigned by a point inside the original parcel boundary. Residential land-use codes 1111,1112,1121-1126; vacant residential and common areas excluded. Parcels are not dwelling units. No housing-unit field is supplied by this GIS layer."
"Sheraton Estates","1","2","1","0","1","139","141","139","0","0.7194","Neighborhoods","Count unique original KIVAPIN parcel IDs, assigned by a point inside the original parcel boundary. Residential land-use codes 1111,1112,1121-1126; vacant residential and common areas excluded. Parcels are not dwelling units. No housing-unit field is supplied by this GIS layer."
"Sherrydale","1","0","1","0","1","555","791","519","162","0.1802","Neighborhoods","Count unique original KIVAPIN parcel IDs, assigned by a point inside the original parcel boundary. Residential land-use codes 1111,1112,1121-1126; vacant residential and common areas excluded. Parcels are not dwelling units. No housing-unit field is supplied by this GIS layer."
"Sherwood Estates","1","1","1","0","1","629","642","628","2","0.1590","Neighborhoods","Count unique original KIVAPIN parcel IDs, assigned by a point inside the original parcel boundary. Residential land-use codes 1111,1112,1121-1126; vacant residential and common areas excluded. Parcels are not dwelling units. No housing-unit field is supplied by this GIS layer."
"Shoal Creek","4","7","4","0","4","12919","17242","12131","2739","0.0310","Neighborhoods","Count unique original KIVAPIN parcel IDs, assigned by a point inside the original parcel boundary. Residential land-use codes 1111,1112,1121-1126; vacant residential and common areas excluded. Parcels are not dwelling units. No housing-unit field is supplied by this GIS layer."
"South Hyde Park","21","21","21","0","21","769","839","582","7","2.7308","Neighborhoods","Count unique original KIVAPIN parcel IDs, assigned by a point inside the original parcel boundary. Residential land-use codes 1111,1112,1121-1126; vacant residential and common areas excluded. Parcels are not dwelling units. No housing-unit field is supplied by this GIS layer."
"South Indian Mound","7","5","7","0","7","1753","1952","1643","2","0.3993","Neighborhoods","Count unique original KIVAPIN parcel IDs, assigned by a point inside the original parcel boundary. Residential land-use codes 1111,1112,1121-1126; vacant residential and common areas excluded. Parcels are not dwelling units. No housing-unit field is supplied by this GIS layer."
"South Plaza","13","10","13","0","13","262","1022","129","718","4.9618","Neighborhoods","Count unique original KIVAPIN parcel IDs, assigned by a point inside the original parcel boundary. Residential land-use codes 1111,1112,1121-1126; vacant residential and common areas excluded. Parcels are not dwelling units. No housing-unit field is supplied by this GIS layer."
"South Town Fork Creek","0","1","0","0","0","564","677","529","0","0.0000","Neighborhoods","Count unique original KIVAPIN parcel IDs, assigned by a point inside the original parcel boundary. Residential land-use codes 1111,1112,1121-1126; vacant residential and common areas excluded. Parcels are not dwelling units. No housing-unit field is supplied by this GIS layer."
"Southmoreland","39","29","59","20","39","373","1013","175","499","10.4558","Neighborhoods","Count unique original KIVAPIN parcel IDs, assigned by a point inside the original parcel boundary. Residential land-use codes 1111,1112,1121-1126; vacant residential and common areas excluded. Parcels are not dwelling units. No housing-unit field is supplied by this GIS layer."
"Squier Park","4","2","4","0","4","194","291","174","2","2.0619","Neighborhoods","Count unique original KIVAPIN parcel IDs, assigned by a point inside the original parcel boundary. Residential land-use codes 1111,1112,1121-1126; vacant residential and common areas excluded. Parcels are not dwelling units. No housing-unit field is supplied by this GIS layer."
"St Catherines Gardens","3","4","3","0","3","947","1003","945","0","0.3168","Neighborhoods","Count unique original KIVAPIN parcel IDs, assigned by a point inside the original parcel boundary. Residential land-use codes 1111,1112,1121-1126; vacant residential and common areas excluded. Parcels are not dwelling units. No housing-unit field is supplied by this GIS layer."
"Stayton Meadows","4","4","4","0","4","825","911","824","2","0.4848","Neighborhoods","Count unique original KIVAPIN parcel IDs, assigned by a point inside the original parcel boundary. Residential land-use codes 1111,1112,1121-1126; vacant residential and common areas excluded. Parcels are not dwelling units. No housing-unit field is supplied by this GIS layer."
"Sterling Acres","2","1","2","0","2","424","471","410","0","0.4717","Neighborhoods","Count unique original KIVAPIN parcel IDs, assigned by a point inside the original parcel boundary. Residential land-use codes 1111,1112,1121-1126; vacant residential and common areas excluded. Parcels are not dwelling units. No housing-unit field is supplied by this GIS layer."
"Sterling Gardens","2","2","2","0","2","387","406","358","0","0.5168","Neighborhoods","Count unique original KIVAPIN parcel IDs, assigned by a point inside the original parcel boundary. Residential land-use codes 1111,1112,1121-1126; vacant residential and common areas excluded. Parcels are not dwelling units. No housing-unit field is supplied by this GIS layer."
"Stratford Estates","2","2","2","0","2","799","873","797","0","0.2503","Neighborhoods","Count unique original KIVAPIN parcel IDs, assigned by a point inside the original parcel boundary. Residential land-use codes 1111,1112,1121-1126; vacant residential and common areas excluded. Parcels are not dwelling units. No housing-unit field is supplied by this GIS layer."
"Sunset Hill","2","2","2","0","2","263","366","254","90","0.7605","Neighborhoods","Count unique original KIVAPIN parcel IDs, assigned by a point inside the original parcel boundary. Residential land-use codes 1111,1112,1121-1126; vacant residential and common areas excluded. Parcels are not dwelling units. No housing-unit field is supplied by this GIS layer."
"Swope Park Campus","0","1","0","0","0","509","557","484","0","0.0000","Neighborhoods","Count unique original KIVAPIN parcel IDs, assigned by a point inside the original parcel boundary. Residential land-use codes 1111,1112,1121-1126; vacant residential and common areas excluded. Parcels are not dwelling units. No housing-unit field is supplied by this GIS layer."
"Swope Parkway-Elmwood","2","3","2","0","2","961","1514","910","2","0.2081","Neighborhoods","Count unique original KIVAPIN parcel IDs, assigned by a point inside the original parcel boundary. Residential land-use codes 1111,1112,1121-1126; vacant residential and common areas excluded. Parcels are not dwelling units. No housing-unit field is supplied by this GIS layer."
"Tanglewood And Regency North","2","2","2","0","2","348","384","285","5","0.5747","Neighborhoods","Count unique original KIVAPIN parcel IDs, assigned by a point inside the original parcel boundary. Residential land-use codes 1111,1112,1121-1126; vacant residential and common areas excluded. Parcels are not dwelling units. No housing-unit field is supplied by this GIS layer."
"Terrace Lake Gardens","3","2","3","0","3","610","625","610","2","0.4918","Neighborhoods","Count unique original KIVAPIN parcel IDs, assigned by a point inside the original parcel boundary. Residential land-use codes 1111,1112,1121-1126; vacant residential and common areas excluded. Parcels are not dwelling units. No housing-unit field is supplied by this GIS layer."
"The Coves","3","1","3","0","3","1271","1437","1142","15","0.2360","Neighborhoods","Count unique original KIVAPIN parcel IDs, assigned by a point inside the original parcel boundary. Residential land-use codes 1111,1112,1121-1126; vacant residential and common areas excluded. Parcels are not dwelling units. No housing-unit field is supplied by this GIS layer."
"Timber Valley","1","1","1","0","1","211","216","211","0","0.4739","Neighborhoods","Count unique original KIVAPIN parcel IDs, assigned by a point inside the original parcel boundary. Residential land-use codes 1111,1112,1121-1126; vacant residential and common areas excluded. Parcels are not dwelling units. No housing-unit field is supplied by this GIS layer."
"Tower Homes","15","16","15","0","15","2267","2446","2164","8","0.6617","Neighborhoods","Count unique original KIVAPIN parcel IDs, assigned by a point inside the original parcel boundary. Residential land-use codes 1111,1112,1121-1126; vacant residential and common areas excluded. Parcels are not dwelling units. No housing-unit field is supplied by this GIS layer."
"Union Hill","7","5","7","0","7","209","383","116","63","3.3493","Neighborhoods","Count unique original KIVAPIN parcel IDs, assigned by a point inside the original parcel boundary. Residential land-use codes 1111,1112,1121-1126; vacant residential and common areas excluded. Parcels are not dwelling units. No housing-unit field is supplied by this GIS layer."
"Unnamed city area (source 2)","1","0","1","0","1","0","45","0","1","","Neighborhoods","Count unique original KIVAPIN parcel IDs, assigned by a point inside the original parcel boundary. Residential land-use codes 1111,1112,1121-1126; vacant residential and common areas excluded. Parcels are not dwelling units. No housing-unit field is supplied by this GIS layer."
"Unnamed city area (source 5)","5","2","5","0","5","11","496","1","37","45.4545","Neighborhoods","Count unique original KIVAPIN parcel IDs, assigned by a point inside the original parcel boundary. Residential land-use codes 1111,1112,1121-1126; vacant residential and common areas excluded. Parcels are not dwelling units. No housing-unit field is supplied by this GIS layer."
"Valentine","9","5","10","1","9","232","313","137","12","3.8793","Neighborhoods","Count unique original KIVAPIN parcel IDs, assigned by a point inside the original parcel boundary. Residential land-use codes 1111,1112,1121-1126; vacant residential and common areas excluded. Parcels are not dwelling units. No housing-unit field is supplied by this GIS layer."
"Verona Hills","0","1","0","0","0","784","793","784","0","0.0000","Neighborhoods","Count unique original KIVAPIN parcel IDs, assigned by a point inside the original parcel boundary. Residential land-use codes 1111,1112,1121-1126; vacant residential and common areas excluded. Parcels are not dwelling units. No housing-unit field is supplied by this GIS layer."
"Vineyard","0","1","0","0","0","1138","1269","1137","0","0.0000","Neighborhoods","Count unique original KIVAPIN parcel IDs, assigned by a point inside the original parcel boundary. Residential land-use codes 1111,1112,1121-1126; vacant residential and common areas excluded. Parcels are not dwelling units. No housing-unit field is supplied by this GIS layer."
"Volker","40","25","40","0","40","1266","1528","988","107","3.1596","Neighborhoods","Count unique original KIVAPIN parcel IDs, assigned by a point inside the original parcel boundary. Residential land-use codes 1111,1112,1121-1126; vacant residential and common areas excluded. Parcels are not dwelling units. No housing-unit field is supplied by this GIS layer."
"Waldo Homes","5","5","5","0","5","707","800","706","1","0.7072","Neighborhoods","Count unique original KIVAPIN parcel IDs, assigned by a point inside the original parcel boundary. Residential land-use codes 1111,1112,1121-1126; vacant residential and common areas excluded. Parcels are not dwelling units. No housing-unit field is supplied by this GIS layer."
"Ward Estates","1","1","1","0","1","119","120","119","0","0.8403","Neighborhoods","Count unique original KIVAPIN parcel IDs, assigned by a point inside the original parcel boundary. Residential land-use codes 1111,1112,1121-1126; vacant residential and common areas excluded. Parcels are not dwelling units. No housing-unit field is supplied by this GIS layer."
"Ward Parkway","10","12","10","0","10","1699","1792","1604","9","0.5886","Neighborhoods","Count unique original KIVAPIN parcel IDs, assigned by a point inside the original parcel boundary. Residential land-use codes 1111,1112,1121-1126; vacant residential and common areas excluded. Parcels are not dwelling units. No housing-unit field is supplied by this GIS layer."
"Ward Parkway Plaza","1","0","1","0","1","197","227","197","3","0.5076","Neighborhoods","Count unique original KIVAPIN parcel IDs, assigned by a point inside the original parcel boundary. Residential land-use codes 1111,1112,1121-1126; vacant residential and common areas excluded. Parcels are not dwelling units. No housing-unit field is supplied by this GIS layer."
"Washington Wheatley","1","0","1","0","1","999","1978","928","5","0.1001","Neighborhoods","Count unique original KIVAPIN parcel IDs, assigned by a point inside the original parcel boundary. Residential land-use codes 1111,1112,1121-1126; vacant residential and common areas excluded. Parcels are not dwelling units. No housing-unit field is supplied by this GIS layer."
"Wendell Phillips","2","3","2","0","2","482","1271","393","37","0.4149","Neighborhoods","Count unique original KIVAPIN parcel IDs, assigned by a point inside the original parcel boundary. Residential land-use codes 1111,1112,1121-1126; vacant residential and common areas excluded. Parcels are not dwelling units. No housing-unit field is supplied by this GIS layer."
"West Blue Valley","0","1","0","0","0","750","902","727","3","0.0000","Neighborhoods","Count unique original KIVAPIN parcel IDs, assigned by a point inside the original parcel boundary. Residential land-use codes 1111,1112,1121-1126; vacant residential and common areas excluded. Parcels are not dwelling units. No housing-unit field is supplied by this GIS layer."
"West Plaza","38","42","66","28","38","1110","1798","920","536","3.4234","Neighborhoods","Count unique original KIVAPIN parcel IDs, assigned by a point inside the original parcel boundary. Residential land-use codes 1111,1112,1121-1126; vacant residential and common areas excluded. Parcels are not dwelling units. No housing-unit field is supplied by this GIS layer."
"West Waldo","4","4","4","0","4","674","722","672","21","0.5935","Neighborhoods","Count unique original KIVAPIN parcel IDs, assigned by a point inside the original parcel boundary. Residential land-use codes 1111,1112,1121-1126; vacant residential and common areas excluded. Parcels are not dwelling units. No housing-unit field is supplied by this GIS layer."
"Western 49-63","8","9","8","0","8","1467","1607","1408","8","0.5453","Neighborhoods","Count unique original KIVAPIN parcel IDs, assigned by a point inside the original parcel boundary. Residential land-use codes 1111,1112,1121-1126; vacant residential and common areas excluded. Parcels are not dwelling units. No housing-unit field is supplied by this GIS layer."
"Western Blue Township","3","2","3","0","3","411","614","401","3","0.7299","Neighborhoods","Count unique original KIVAPIN parcel IDs, assigned by a point inside the original parcel boundary. Residential land-use codes 1111,1112,1121-1126; vacant residential and common areas excluded. Parcels are not dwelling units. No housing-unit field is supplied by this GIS layer."
"Western Hills","1","2","1","0","1","891","947","883","2","0.1122","Neighborhoods","Count unique original KIVAPIN parcel IDs, assigned by a point inside the original parcel boundary. Residential land-use codes 1111,1112,1121-1126; vacant residential and common areas excluded. Parcels are not dwelling units. No housing-unit field is supplied by this GIS layer."
"Westside North","23","17","23","0","23","440","802","350","88","5.2273","Neighborhoods","Count unique original KIVAPIN parcel IDs, assigned by a point inside the original parcel boundary. Residential land-use codes 1111,1112,1121-1126; vacant residential and common areas excluded. Parcels are not dwelling units. No housing-unit field is supplied by this GIS layer."
"Westside South","6","5","6","0","6","439","969","393","107","1.3667","Neighborhoods","Count unique original KIVAPIN parcel IDs, assigned by a point inside the original parcel boundary. Residential land-use codes 1111,1112,1121-1126; vacant residential and common areas excluded. Parcels are not dwelling units. No housing-unit field is supplied by this GIS layer."
"Westwood","4","1","4","0","4","296","302","278","0","1.3514","Neighborhoods","Count unique original KIVAPIN parcel IDs, assigned by a point inside the original parcel boundary. Residential land-use codes 1111,1112,1121-1126; vacant residential and common areas excluded. Parcels are not dwelling units. No housing-unit field is supplied by this GIS layer."
"White Oak","1","0","1","0","1","962","1044","961","0","0.1040","Neighborhoods","Count unique original KIVAPIN parcel IDs, assigned by a point inside the original parcel boundary. Residential land-use codes 1111,1112,1121-1126; vacant residential and common areas excluded. Parcels are not dwelling units. No housing-unit field is supplied by this GIS layer."
"Willow Creek","3","1","3","0","3","557","663","397","43","0.5386","Neighborhoods","Count unique original KIVAPIN parcel IDs, assigned by a point inside the original parcel boundary. Residential land-use codes 1111,1112,1121-1126; vacant residential and common areas excluded. Parcels are not dwelling units. No housing-unit field is supplied by this GIS layer."
"Winnwood","0","1","0","0","0","943","995","899","2","0.0000","Neighborhoods","Count unique original KIVAPIN parcel IDs, assigned by a point inside the original parcel boundary. Residential land-use codes 1111,1112,1121-1126; vacant residential and common areas excluded. Parcels are not dwelling units. No housing-unit field is supplied by this GIS layer."
"Woodbridge","1","0","1","0","1","348","433","295","21","0.2874","Neighborhoods","Count unique original KIVAPIN parcel IDs, assigned by a point inside the original parcel boundary. Residential land-use codes 1111,1112,1121-1126; vacant residential and common areas excluded. Parcels are not dwelling units. No housing-unit field is supplied by this GIS layer."
"Woodson Estates","1","2","1","0","1","314","329","293","0","0.3185","Neighborhoods","Count unique original KIVAPIN parcel IDs, assigned by a point inside the original parcel boundary. Residential land-use codes 1111,1112,1121-1126; vacant residential and common areas excluded. Parcels are not dwelling units. No housing-unit field is supplied by this GIS layer."
"Wornall Homestead","2","0","2","0","2","359","367","359","0","0.5571","Neighborhoods","Count unique original KIVAPIN parcel IDs, assigned by a point inside the original parcel boundary. Residential land-use codes 1111,1112,1121-1126; vacant residential and common areas excluded. Parcels are not dwelling units. No housing-unit field is supplied by this GIS layer."